0 84 87 78 16 94 36 87 93 50 22 63 28 91 60 64 27 41 27 73 37 12 69 68 30 83 31 63 24 68 36 30 3 23 59 70 68 94 57 12 43 30 74 22 20 85 38 99 25 16 71 14 27 92 81 57 74 63 71 97 82 6 26 85 28 37 6 47 30 14 58 25 96 83 46 15 68 35 65 44 51 88 9 77 79 89 85 4 52 55 100 33 61 77 69 40 13 27 87 95 
84 0 40 96 71 35 79 68 2 98 3 18 93 53 57 2 81 87 42 66 90 45 20 41 30 32 18 98 72 82 76 10 28 68 57 98 54 87 66 7 84 20 25 29 72 33 30 4 20 71 69 9 16 41 50 97 24 19 46 47 52 22 56 80 89 65 29 42 51 94 1 35 65 25 15 88 57 44 92 28 66 60 37 33 52 38 29 76 8 75 22 59 96 30 38 36 94 19 29 44 
87 40 0 12 29 30 77 5 44 64 14 39 7 41 5 19 29 89 70 18 18 97 25 44 71 84 91 100 73 26 45 91 6 40 55 87 70 83 43 65 98 8 56 5 49 12 23 29 100 44 47 69 41 23 12 11 6 2 62 31 79 6 21 37 45 27 23 66 9 17 83 59 25 38 63 25 1 37 53 100 80 51 69 72 74 32 82 31 34 95 61 64 100 82 100 97 60 74 14 69 
78 96 12 0 91 96 27 67 85 41 91 85 77 43 37 8 46 57 80 19 88 13 49 73 60 10 37 11 43 88 7 2 14 73 22 56 20 100 22 5 40 12 41 68 6 29 28 51 85 59 21 25 23 70 97 82 31 85 93 73 73 51 26 86 23 100 41 43 99 14 99 91 25 91 10 82 20 37 33 56 95 5 80 70 74 77 51 56 61 43 80 85 94 6 22 68 5 14 62 55 
16 71 29 91 0 27 60 45 3 3 7 85 22 43 69 29 90 73 9 59 99 37 9 54 49 4 34 34 49 91 55 68 47 69 30 1 47 89 98 50 91 4 34 64 98 54 93 87 26 53 97 76 89 58 30 37 61 15 22 61 5 29 28 51 49 57 3 95 98 100 44 40 3 29 4 1 82 48 39 60 52 36 35 40 93 16 28 5 30 50 65 86 30 44 36 78 1 39 72 50 
94 35 30 96 27 0 90 68 89 93 96 44 45 30 91 83 41 42 70 27 33 62 43 61 18 24 62 82 10 91 26 97 68 78 35 91 27 25 58 15 69 6 59 13 87 1 47 27 95 17 53 79 30 47 91 48 71 52 81 32 94 58 28 13 87 15 56 13 91 13 80 11 70 90 75 56 42 21 34 88 89 39 67 71 85 57 18 7 61 50 38 6 60 18 19 46 84 74 59 74 
36 79 77 27 60 90 0 38 90 84 8 79 58 15 72 30 1 60 19 39 26 89 75 34 58 82 94 59 71 100 18 40 70 64 23 95 74 48 32 63 83 91 93 92 58 16 22 58 75 92 48 52 32 22 38 41 55 31 99 26 82 17 17 3 32 40 97 5 39 81 19 22 71 63 13 80 78 86 37 5 77 84 8 60 58 45 100 12 28 51 37 61 19 6 64 50 45 12 6 35 
87 68 5 67 45 68 38 0 92 76 56 15 90 69 94 19 6 83 23 83 18 31 94 75 27 94 87 54 44 75 15 14 80 78 63 76 89 20 11 33 95 18 47 36 38 92 54 44 74 29 26 92 11 19 18 37 64 56 91 59 31 5 72 62 34 86 90 74 5 52 6 51 69 4 86 7 96 40 50 21 68 27 64 78 97 82 66 61 37 56 71 19 12 43 33 97 80 22 71 85 
93 2 44 85 3 89 90 92 0 73 28 35 41 84 73 99 31 64 48 51 31 74 15 60 23 48 25 83 36 33 5 55 44 99 87 41 79 60 63 63 84 42 49 24 25 73 23 55 36 22 58 66 48 72 77 70 19 2 4 54 34 8 60 29 7 98 21 85 9 35 99 92 77 99 16 53 72 90 60 7 11 17 25 10 40 1 79 10 54 82 15 39 90 27 68 48 24 88 32 33 
50 98 64 41 3 93 84 76 73 0 23 82 76 51 80 91 55 51 32 14 58 95 82 82 4 21 34 83 82 88 16 97 26 5 23 93 52 98 33 35 82 7 16 58 9 96 100 63 98 84 77 55 78 10 88 33 83 22 67 64 61 83 12 86 87 86 31 91 84 15 77 17 21 93 26 29 40 26 91 37 61 19 44 38 29 83 22 11 56 89 26 16 71 38 54 9 23 84 51 58 
22 3 14 91 7 96 8 56 28 23 0 98 28 27 70 72 52 50 11 29 40 99 89 11 94 78 91 77 100 53 32 88 78 100 58 67 53 18 42 36 69 99 85 96 77 6 67 29 55 29 9 94 79 98 56 73 75 46 1 26 98 84 13 28 83 22 94 35 40 35 22 60 86 58 55 62 63 73 42 17 53 51 63 83 100 18 55 74 16 7 52 65 91 64 92 73 38 38 60 29 
63 18 39 85 85 44 79 15 35 82 98 0 72 81 88 57 91 42 71 53 66 12 70 18 62 84 52 13 1 7 39 68 65 90 33 55 5 76 80 42 13 39 70 37 71 57 45 61 50 15 66 15 27 87 84 40 70 36 53 22 94 91 90 10 32 74 65 36 49 96 78 14 34 99 50 56 56 94 69 57 61 34 24 87 72 59 78 41 46 82 62 91 24 51 1 55 76 65 43 25 
28 93 7 77 22 45 58 90 41 76 28 72 0 60 20 90 45 70 39 52 77 84 20 34 44 5 57 82 76 67 12 68 13 93 30 3 69 32 3 75 8 19 17 84 78 88 73 74 58 63 26 34 98 97 19 42 54 27 75 81 94 86 49 6 31 30 60 99 61 63 25 20 81 42 3 11 81 27 84 90 41 9 24 39 58 94 32 11 21 6 91 14 92 39 71 22 68 30 72 81 
91 53 41 43 43 30 15 69 84 51 27 81 60 0 44 96 100 25 89 55 87 70 33 70 11 74 31 34 64 88 80 95 50 100 52 40 65 43 31 87 16 50 16 87 82 12 35 34 88 23 88 74 44 20 43 55 45 25 40 60 64 19 54 13 70 6 5 34 100 35 20 16 36 88 54 70 51 88 3 38 63 90 11 6 61 5 12 58 30 4 17 93 22 23 6 44 80 62 29 79 
60 57 5 37 69 91 72 94 73 80 70 88 20 44 0 48 1 46 83 88 100 52 90 87 54 27 49 95 37 7 8 93 18 65 22 21 81 67 95 55 24 38 34 85 18 13 32 18 10 66 57 9 70 46 96 23 72 96 70 60 2 77 53 72 41 26 44 73 92 90 28 67 79 13 51 97 25 34 14 87 100 71 95 69 16 42 43 40 38 64 99 91 40 3 14 32 29 58 5 72 
64 2 19 8 29 83 30 19 99 91 72 57 90 96 48 0 47 84 39 26 96 41 22 73 27 35 59 26 57 53 46 73 47 40 12 84 4 62 26 43 17 40 75 45 97 31 68 95 14 58 20 61 51 93 33 77 80 91 54 36 96 99 8 42 38 71 77 41 85 2 84 1 93 10 97 41 40 64 36 5 74 7 65 24 52 50 52 31 40 5 66 87 3 26 80 92 48 8 85 32 
27 81 29 46 90 41 1 6 31 55 52 91 45 100 1 47 0 62 20 32 54 29 28 95 20 44 82 24 69 88 40 44 39 89 95 21 81 99 87 19 53 64 99 96 11 6 80 43 67 99 26 73 79 54 67 98 49 48 73 17 87 13 60 78 1 54 98 33 4 36 52 8 99 50 55 62 7 35 4 26 85 29 98 64 34 16 61 82 15 86 98 1 98 9 30 50 14 80 35 17 
41 87 89 57 73 42 60 83 64 51 50 42 70 25 46 84 62 0 15 86 76 66 87 31 27 93 17 30 70 53 10 67 16 96 34 29 77 48 14 27 1 63 87 30 64 1 9 98 17 76 83 45 41 21 27 19 66 95 100 35 47 9 54 63 4 87 43 33 35 8 11 35 70 97 16 85 97 25 83 66 52 17 62 44 38 88 62 3 82 61 89 80 21 42 94 25 29 36 9 63 
27 42 70 80 9 70 19 23 48 32 11 71 39 89 83 39 20 15 0 43 71 97 64 67 12 1 16 88 35 33 91 51 94 34 40 81 95 94 14 55 83 45 76 24 39 52 52 74 12 66 69 82 14 84 100 78 36 15 65 70 47 8 73 92 41 12 24 88 58 37 94 40 82 21 15 72 72 19 97 35 84 65 68 98 1 68 75 36 34 91 58 33 50 30 24 91 93 48 30 50 
73 66 18 19 59 27 39 83 51 14 29 53 52 55 88 26 32 86 43 0 36 23 41 69 44 56 40 67 26 37 54 61 53 21 58 5 88 84 41 22 27 98 6 28 79 29 70 71 28 99 21 64 22 61 84 17 68 24 83 93 12 36 54 64 9 63 69 96 99 61 69 77 10 74 4 88 55 74 58 82 24 30 97 45 43 81 13 10 56 48 55 67 35 60 82 43 74 2 39 72 
37 90 18 88 99 33 26 18 31 58 40 66 77 87 100 96 54 76 71 36 0 14 59 100 23 85 56 62 91 81 72 24 4 1 21 1 43 53 13 5 8 60 59 26 95 18 59 37 91 61 27 15 74 38 66 49 22 21 10 64 1 33 87 5 34 59 57 28 11 69 32 70 29 42 47 75 59 6 11 2 66 90 68 91 27 33 39 100 6 1 63 58 33 49 62 18 8 70 98 70 
12 45 97 13 37 62 89 31 74 95 99 12 84 70 52 41 29 66 97 23 14 0 39 29 40 19 71 86 93 81 43 55 34 8 44 1 51 22 86 89 21 91 41 35 48 26 84 62 95 43 31 92 64 21 21 55 39 43 93 31 23 35 86 9 95 81 9 45 3 46 85 23 88 26 58 36 3 93 49 97 87 31 41 50 52 13 57 90 55 49 73 29 83 58 89 77 38 98 21 40 
69 20 25 49 9 43 75 94 15 82 89 70 20 33 90 22 28 87 64 41 59 39 0 95 6 15 83 83 24 70 37 16 18 85 54 100 25 55 51 37 11 93 43 59 65 24 42 22 12 70 11 61 91 3 56 48 17 90 82 40 59 18 7 76 2 12 75 79 66 78 67 77 70 62 35 34 37 28 7 100 98 17 61 40 71 68 87 87 9 68 78 67 37 36 94 38 47 20 68 13 
68 41 44 73 54 61 34 75 60 82 11 18 34 70 87 73 95 31 67 69 100 29 95 0 97 35 41 18 96 75 51 32 3 9 31 52 26 43 91 48 62 77 35 70 96 64 36 32 52 81 21 98 1 89 62 97 75 2 15 70 29 17 53 83 26 83 34 3 78 24 50 91 52 36 61 47 100 48 30 3 29 50 100 29 90 14 77 64 67 91 85 95 60 37 77 85 72 10 39 1 
30 30 71 60 49 18 58 27 23 4 94 62 44 11 54 27 20 27 12 44 23 40 6 97 0 85 40 91 36 76 51 82 27 51 63 29 79 65 80 59 54 45 35 70 12 78 6 58 37 43 35 73 66 96 11 66 33 50 8 68 77 59 2 3 61 64 83 39 28 15 97 34 59 31 55 70 8 60 28 96 2 14 68 19 61 30 36 93 32 44 13 8 54 14 63 14 29 97 52 57 
83 32 84 10 4 24 82 94 48 21 78 84 5 74 27 35 44 93 1 56 85 19 15 35 85 0 11 100 42 70 82 96 91 90 55 70 37 9 83 5 27 96 34 15 88 65 58 52 25 11 65 39 24 94 35 27 2 46 26 95 67 7 90 57 48 96 27 85 4 61 41 83 56 74 49 96 91 6 47 67 68 64 5 91 9 91 69 62 36 94 56 2 52 45 11 52 92 89 36 48 
31 18 91 37 34 62 94 87 25 34 91 52 57 31 49 59 82 17 16 40 56 71 83 41 40 11 0 49 76 82 57 1 30 52 43 35 50 61 2 65 65 44 73 56 12 34 43 57 41 97 60 37 59 11 29 47 98 76 95 25 57 51 26 86 54 20 72 56 81 25 20 97 68 45 4 31 30 47 87 71 95 46 59 53 9 87 99 6 14 45 31 22 48 8 59 1 79 30 8 59 
63 98 100 11 34 82 59 54 83 83 77 13 82 34 95 26 24 30 88 67 62 86 83 18 91 100 49 0 54 80 8 73 76 11 3 5 9 41 27 3 87 86 7 47 24 5 52 38 2 34 11 49 93 70 1 72 51 9 82 57 88 89 29 63 52 84 19 60 24 46 15 62 83 73 8 58 30 12 95 31 45 58 79 38 27 79 61 29 87 42 85 26 83 66 40 34 49 59 45 24 
24 72 73 43 49 10 71 44 36 82 100 1 76 64 37 57 69 70 35 26 91 93 24 96 36 42 76 54 0 56 11 86 90 84 45 47 13 56 94 43 1 51 21 90 29 51 50 57 38 43 42 15 25 59 55 10 59 65 55 82 20 17 19 61 100 64 7 64 19 100 6 71 2 78 12 30 29 13 87 18 56 80 84 80 90 38 90 48 54 96 81 25 12 100 85 12 15 44 27 85 
68 82 26 88 91 91 100 75 33 88 53 7 67 88 7 53 88 53 33 37 81 81 70 75 76 70 82 80 56 0 43 33 8 97 62 19 26 42 32 64 11 87 95 95 18 36 84 59 83 38 54 16 14 18 15 99 81 81 42 7 65 36 39 24 32 53 43 10 46 26 25 57 64 72 3 81 7 86 92 90 75 45 57 89 62 71 39 42 3 80 49 19 67 39 43 51 43 85 60 89 
36 76 45 7 55 26 18 15 5 16 32 39 12 80 8 46 40 10 91 54 72 43 37 51 51 82 57 8 11 43 0 62 36 97 25 7 99 57 14 36 48 55 63 45 11 3 58 33 41 52 87 72 100 5 90 90 47 40 85 83 51 73 44 87 69 20 93 19 77 58 54 76 64 16 20 26 70 78 10 10 81 96 33 32 1 23 21 47 14 57 30 65 29 25 51 49 45 95 19 73 
30 10 91 2 68 97 40 14 55 97 88 68 68 95 93 73 44 67 51 61 24 55 16 32 82 96 1 73 86 33 62 0 5 73 48 68 40 20 94 10 49 55 71 29 51 56 60 51 30 32 49 43 89 78 7 69 55 9 70 99 4 88 71 8 12 70 27 4 41 72 65 89 27 87 17 77 42 28 79 23 60 27 66 100 5 24 68 59 33 89 9 88 77 31 95 40 52 73 43 93 
3 28 6 14 47 68 70 80 44 26 78 65 13 50 18 47 39 16 94 53 4 34 18 3 27 91 30 76 90 8 36 5 0 45 7 81 23 94 50 99 87 29 77 10 88 3 27 39 59 50 59 69 82 47 29 21 75 59 15 15 63 40 57 55 36 16 35 58 61 36 8 47 65 84 56 4 38 34 43 49 84 1 69 17 47 50 38 22 60 4 88 22 43 44 76 78 11 63 87 71 
23 68 40 73 69 78 64 78 99 5 100 90 93 100 65 40 89 96 34 21 1 8 85 9 51 90 52 11 84 97 97 73 45 0 98 94 18 62 29 25 18 67 59 60 67 94 60 87 10 58 36 47 31 96 3 18 17 97 14 93 75 24 7 61 95 4 7 64 18 35 40 35 53 50 94 19 43 5 6 5 14 93 3 45 88 5 62 57 2 27 49 28 51 55 40 97 10 46 12 27 
59 57 55 22 30 35 23 63 87 23 58 33 30 52 22 12 95 34 40 58 21 44 54 31 63 55 43 3 45 62 25 48 7 98 0 81 3 13 33 53 58 4 47 62 61 51 28 53 54 72 41 58 85 49 11 12 49 38 14 55 78 62 64 75 25 43 55 27 55 40 79 65 43 26 78 3 28 5 55 81 76 47 91 61 95 1 24 43 91 89 97 20 50 13 94 26 55 49 52 61 
70 98 87 56 1 91 95 76 41 93 67 55 3 40 21 84 21 29 81 5 1 1 100 52 29 70 35 5 47 19 7 68 81 94 81 0 88 83 25 30 60 3 84 87 7 38 68 35 37 10 47 31 10 70 26 52 58 74 71 59 86 65 84 40 65 87 53 4 69 77 33 28 31 68 67 38 5 34 72 93 95 18 76 56 39 1 8 48 74 78 58 60 94 93 51 58 79 3 61 48 
68 54 70 20 47 27 74 89 79 52 53 5 69 65 81 4 81 77 95 88 43 51 25 26 79 37 50 9 13 26 99 40 23 18 3 88 0 32 45 27 62 12 93 99 69 78 22 61 72 91 88 80 81 88 87 80 14 64 37 25 10 29 75 67 60 30 28 59 61 72 85 74 36 30 25 4 59 46 16 83 89 4 62 69 43 48 1 56 63 37 32 72 18 59 39 77 88 18 35 100 
94 87 83 100 89 25 48 20 60 98 18 76 32 43 67 62 99 48 94 84 53 22 55 43 65 9 61 41 56 42 57 20 94 62 13 83 32 0 41 71 73 28 52 97 83 11 95 99 93 83 54 54 3 48 53 55 56 15 92 87 39 61 45 29 89 84 46 23 35 38 45 8 66 97 56 48 7 50 98 51 84 3 4 39 51 56 93 6 22 36 92 12 96 89 40 84 24 37 58 59 
57 66 43 22 98 58 32 11 63 33 42 80 3 31 95 26 87 14 14 41 13 86 51 91 80 83 2 27 94 32 14 94 50 29 33 25 45 41 0 27 3 66 92 51 21 91 9 23 89 59 58 91 62 96 41 69 41 98 42 76 42 54 24 30 45 59 53 34 17 11 60 71 28 51 73 1 41 81 75 81 39 32 72 100 80 64 20 20 62 13 47 55 18 70 84 63 29 88 96 97 
12 7 65 5 50 15 63 33 63 35 36 42 75 87 55 43 19 27 55 22 5 89 37 48 59 5 65 3 43 64 36 10 99 25 53 30 27 71 27 0 51 55 67 30 57 39 30 97 19 56 30 9 88 1 8 19 16 79 38 29 91 36 83 9 6 18 23 86 58 70 82 8 24 100 37 80 90 19 28 8 74 57 16 13 9 75 31 77 5 20 57 47 56 40 7 13 9 29 98 66 
43 84 98 40 91 69 83 95 84 82 69 13 8 16 24 17 53 1 83 27 8 21 11 62 54 27 65 87 1 11 48 49 87 18 58 60 62 73 3 51 0 98 31 73 73 30 62 4 19 32 84 78 57 92 45 70 53 71 52 29 27 24 85 73 31 76 80 95 85 60 92 50 10 74 75 82 3 36 38 73 67 21 2 75 12 46 44 16 68 48 44 94 23 81 18 5 8 97 99 92 
30 20 8 12 4 6 91 18 42 7 99 39 19 50 38 40 64 63 45 98 60 91 93 77 45 96 44 86 51 87 55 55 29 67 4 3 12 28 66 55 98 0 9 90 94 18 63 68 51 17 55 88 41 73 60 42 47 24 39 43 39 6 90 83 51 64 15 68 68 22 17 66 66 25 7 59 42 21 26 92 89 80 32 29 52 91 70 98 14 60 92 53 17 33 87 67 96 1 86 15 
74 25 56 41 34 59 93 47 49 16 85 70 17 16 34 75 99 87 76 6 59 41 43 35 35 34 73 7 21 95 63 71 77 59 47 84 93 52 92 67 31 9 0 74 2 80 39 78 38 97 19 58 74 63 46 5 94 26 8 36 47 6 50 6 49 54 74 82 40 40 77 92 78 92 65 31 23 56 9 61 52 27 70 78 41 16 82 34 93 90 70 40 47 71 97 95 24 71 76 15 
22 29 5 68 64 13 92 36 24 58 96 37 84 87 85 45 96 30 24 28 26 35 59 70 70 15 56 47 90 95 45 29 10 60 62 87 99 97 51 30 73 90 74 0 62 5 6 39 96 22 70 70 77 78 30 81 56 100 58 97 67 39 82 59 80 3 50 26 25 47 73 48 17 48 62 78 52 19 17 99 41 38 69 17 67 50 97 22 49 6 70 67 97 52 78 76 6 27 54 31 
20 72 49 6 98 87 58 38 25 9 77 71 78 82 18 97 11 64 39 79 95 48 65 96 12 88 12 24 29 18 11 51 88 67 61 7 69 83 21 57 73 94 2 62 0 73 26 30 89 73 44 19 77 62 87 27 2 24 95 71 90 97 19 63 97 25 33 64 21 36 41 48 93 19 1 23 44 26 5 84 51 48 2 79 9 88 5 63 63 52 33 52 48 3 67 44 27 51 59 99 
85 33 12 29 54 1 16 92 73 96 6 57 88 12 13 31 6 1 52 29 18 26 24 64 78 65 34 5 51 36 3 56 3 94 51 38 78 11 91 39 30 18 80 5 73 0 38 51 99 30 70 99 5 13 77 9 48 79 56 50 9 64 37 65 78 52 16 10 55 15 13 21 11 91 71 69 42 8 72 40 90 41 90 94 5 18 54 52 48 9 53 56 24 42 73 2 93 40 63 47 
38 30 23 28 93 47 22 54 23 100 67 45 73 35 32 68 80 9 52 70 59 84 42 36 6 58 43 52 50 84 58 60 27 60 28 68 22 95 9 30 62 63 39 6 26 38 0 55 27 20 17 70 90 85 11 50 56 2 91 48 43 84 4 13 89 8 12 97 12 20 72 53 92 25 97 31 88 44 37 66 63 53 35 4 90 97 5 97 98 95 97 93 30 100 57 18 59 68 66 23 
99 4 29 51 87 27 58 44 55 63 29 61 74 34 18 95 43 98 74 71 37 62 22 32 58 52 57 38 57 59 33 51 39 87 53 35 61 99 23 97 4 68 78 39 30 51 55 0 87 38 75 78 62 72 9 1 67 97 67 81 50 1 36 39 98 41 35 47 87 31 91 17 83 47 86 93 15 52 15 53 41 42 31 54 65 91 55 31 87 73 63 88 73 98 26 22 90 61 21 77 
25 20 100 85 26 95 75 74 36 98 55 50 58 88 10 14 67 17 12 28 91 95 12 52 37 25 41 2 38 83 41 30 59 10 54 37 72 93 89 19 19 51 38 96 89 99 27 87 0 43 11 93 25 10 30 70 76 81 84 28 21 25 10 75 89 100 81 71 39 53 33 26 77 83 52 99 72 64 71 48 58 33 92 35 42 22 4 17 54 39 97 27 64 6 53 4 58 33 27 96 
16 71 44 59 53 17 92 29 22 84 29 15 63 23 66 58 99 76 66 99 61 43 70 81 43 11 97 34 43 38 52 32 50 58 72 10 91 83 59 56 32 17 97 22 73 30 20 38 43 0 37 59 21 13 93 24 63 65 39 33 64 49 66 8 83 59 29 38 28 34 76 24 60 91 29 12 47 86 96 73 33 32 83 6 97 76 29 59 40 20 44 55 68 61 62 2 71 42 39 98 
71 69 47 21 97 53 48 26 58 77 9 66 26 88 57 20 26 83 69 21 27 31 11 21 35 65 60 11 42 54 87 49 59 36 41 47 88 54 58 30 84 55 19 70 44 70 17 75 11 37 0 76 14 21 87 57 2 99 3 39 46 75 24 30 57 29 26 32 9 36 23 80 31 78 47 91 91 48 14 33 38 11 8 52 84 94 8 37 44 10 27 90 36 50 19 92 78 96 24 39 
14 9 69 25 76 79 52 92 66 55 94 15 34 74 9 61 73 45 82 64 15 92 61 98 73 39 37 49 15 16 72 43 69 47 58 31 80 54 91 9 78 88 58 70 19 99 70 78 93 59 76 0 31 98 18 14 75 17 56 66 16 69 50 54 80 57 57 15 2 16 51 98 77 77 39 12 27 9 3 56 4 78 94 86 76 12 99 2 28 7 19 43 75 68 48 54 24 4 68 78 
27 16 41 23 89 30 32 11 48 78 79 27 98 44 70 51 79 41 14 22 74 64 91 1 66 24 59 93 25 14 100 89 82 31 85 10 81 3 62 88 57 41 74 77 77 5 90 62 25 21 14 31 0 19 70 27 95 47 65 6 25 73 61 80 28 38 26 65 65 37 16 67 16 22 85 10 96 53 58 2 28 61 21 57 32 91 83 26 89 47 84 13 71 44 92 50 33 17 67 98 
92 41 23 70 58 47 22 19 72 10 98 87 97 20 46 93 54 21 84 61 38 21 3 89 96 94 11 70 59 18 5 78 47 96 49 70 88 48 96 1 92 73 63 78 62 13 85 72 10 13 21 98 19 0 5 82 64 72 55 100 82 2 52 91 3 32 3 76 88 34 66 71 12 6 69 47 18 92 90 61 93 74 30 59 71 34 92 86 58 98 38 91 100 89 81 54 72 35 29 60 
81 50 12 97 30 91 38 18 77 88 56 84 19 43 96 33 67 27 100 84 66 21 56 62 11 35 29 1 55 15 90 7 29 3 11 26 87 53 41 8 45 60 46 30 87 77 11 9 30 93 87 18 70 5 0 21 46 82 84 51 2 30 20 93 71 81 38 44 10 48 67 95 40 4 4 89 41 94 88 82 26 42 53 13 22 64 33 68 45 16 70 47 45 90 91 15 22 28 10 31 
57 97 11 82 37 48 41 37 70 33 73 40 42 55 23 77 98 19 78 17 49 55 48 97 66 27 47 72 10 99 90 69 21 18 12 52 80 55 69 19 70 42 5 81 27 9 50 1 70 24 57 14 27 82 21 0 76 76 77 67 32 81 55 72 26 43 5 4 36 58 16 57 73 48 76 18 15 46 64 59 87 54 25 8 82 34 90 9 62 18 75 93 50 29 16 76 23 73 31 58 
74 24 6 31 61 71 55 64 19 83 75 70 54 45 72 80 49 66 36 68 22 39 17 75 33 2 98 51 59 81 47 55 75 17 49 58 14 56 41 16 53 47 94 56 2 48 56 67 76 63 2 75 95 64 46 76 0 82 46 67 54 93 42 71 59 39 86 17 25 40 93 84 73 78 73 33 39 43 7 83 92 87 51 19 10 23 49 19 56 46 85 9 90 79 80 48 17 65 16 94 
63 19 2 85 15 52 31 56 2 22 46 36 27 25 96 91 48 95 15 24 21 43 90 2 50 46 76 9 65 81 40 9 59 97 38 74 64 15 98 79 71 24 26 100 24 79 2 97 81 65 99 17 47 72 82 76 82 0 56 8 77 80 86 2 12 76 96 70 11 87 57 13 58 18 87 58 36 42 4 73 50 93 51 81 41 19 98 56 12 5 16 41 85 1 94 48 28 89 18 38 
71 46 62 93 22 81 99 91 4 67 1 53 75 40 70 54 73 100 65 83 10 93 82 15 8 26 95 82 55 42 85 70 15 14 14 71 37 92 42 38 52 39 8 58 95 56 91 67 84 39 3 56 65 55 84 77 46 56 0 75 74 2 84 91 88 42 78 29 97 2 31 89 4 11 81 23 60 37 86 65 4 78 1 56 71 48 83 59 65 73 86 38 74 69 80 62 62 10 90 58 
97 47 31 73 61 32 26 59 54 64 26 22 81 60 60 36 17 35 70 93 64 31 40 70 68 95 25 57 82 7 83 99 15 93 55 59 25 87 76 29 29 43 36 97 71 50 48 81 28 33 39 66 6 100 51 67 67 8 75 0 11 20 47 67 83 79 89 42 67 26 58 70 4 58 25 26 6 8 85 70 32 70 60 5 90 91 66 52 52 8 9 63 79 7 29 61 86 69 55 52 
82 52 79 73 5 94 82 31 34 61 98 94 94 64 2 96 87 47 47 12 1 23 59 29 77 67 57 88 20 65 51 4 63 75 78 86 10 39 42 91 27 39 47 67 90 9 43 50 21 64 46 16 25 82 2 32 54 77 74 11 0 46 12 22 1 70 46 27 27 5 63 96 36 32 7 41 21 50 58 24 1 17 33 15 96 91 43 8 76 63 14 80 61 78 1 61 47 98 39 25 
6 22 6 51 29 58 17 5 8 83 84 91 86 19 77 99 13 9 8 36 33 35 18 17 59 7 51 89 17 36 73 88 40 24 62 65 29 61 54 36 24 6 6 39 97 64 84 1 25 49 75 69 73 2 30 81 93 80 2 20 46 0 55 1 72 90 32 79 82 5 80 92 28 80 8 12 95 55 3 89 15 30 4 80 9 64 57 61 76 55 11 15 79 65 15 51 54 99 81 88 
26 56 21 26 28 28 17 72 60 12 13 90 49 54 53 8 60 54 73 54 87 86 7 53 2 90 26 29 19 39 44 71 57 7 64 84 75 45 24 83 85 90 50 82 19 37 4 36 10 66 24 50 61 52 20 55 42 86 84 47 12 55 0 55 60 79 34 39 38 46 85 45 100 74 59 29 29 38 90 92 47 50 19 1 60 33 80 24 100 30 30 98 10 17 4 21 47 37 59 84 
85 80 37 86 51 13 3 62 29 86 28 10 6 13 72 42 78 63 92 64 5 9 76 83 3 57 86 63 61 24 87 8 55 61 75 40 67 29 30 9 73 83 6 59 63 65 13 39 75 8 30 54 80 91 93 72 71 2 91 67 22 1 55 0 34 96 28 33 21 38 14 49 28 3 92 74 4 10 26 64 43 5 39 94 86 20 43 47 88 46 67 34 82 78 70 16 73 49 100 93 
28 89 45 23 49 87 32 34 7 87 83 32 31 70 41 38 1 4 41 9 34 95 2 26 61 48 54 52 100 32 69 12 36 95 25 65 60 89 45 6 31 51 49 80 97 78 89 98 89 83 57 80 28 3 71 26 59 12 88 83 1 72 60 34 0 39 13 41 66 15 32 91 71 93 16 34 87 73 24 80 58 96 22 5 83 19 23 69 53 100 90 20 72 90 19 16 28 84 56 45 
37 65 27 100 57 15 40 86 98 86 22 74 30 6 26 71 54 87 12 63 59 81 12 83 64 96 20 84 64 53 20 70 16 4 43 87 30 84 59 18 76 64 54 3 25 52 8 41 100 59 29 57 38 32 81 43 39 76 42 79 70 90 79 96 39 0 50 39 35 20 84 3 5 70 75 29 50 84 24 23 40 58 94 63 26 46 14 67 65 38 57 35 53 84 18 61 81 68 51 67 
6 29 23 41 3 56 97 90 21 31 94 65 60 5 44 77 98 43 24 69 57 9 75 34 83 27 72 19 7 43 93 27 35 7 55 53 28 46 53 23 80 15 74 50 33 16 12 35 81 29 26 57 26 3 38 5 86 96 78 89 46 32 34 28 13 50 0 87 34 69 92 4 95 72 5 79 47 79 18 56 72 80 34 69 94 100 85 83 56 20 35 92 89 95 72 8 98 90 95 31 
47 42 66 43 95 13 5 74 85 91 35 36 99 34 73 41 33 33 88 96 28 45 79 3 39 85 56 60 64 10 19 4 58 64 27 4 59 23 34 86 95 68 82 26 64 10 97 47 71 38 32 15 65 76 44 4 17 70 29 42 27 79 39 33 41 39 87 0 59 38 86 5 61 90 83 59 21 1 14 92 32 47 13 77 47 97 59 54 68 46 45 57 92 68 64 89 10 10 20 20 
30 51 9 99 98 91 39 5 9 84 40 49 61 100 92 85 4 35 58 99 11 3 66 78 28 4 81 24 19 46 77 41 61 18 55 69 61 35 17 58 85 68 40 25 21 55 12 87 39 28 9 2 65 88 10 36 25 11 97 67 27 82 38 21 66 35 34 59 0 99 57 24 59 99 7 17 19 59 83 62 42 29 74 19 27 71 29 81 38 74 77 46 66 97 10 54 6 71 25 25 
14 94 17 14 100 13 81 52 35 15 35 96 63 35 90 2 36 8 37 61 69 46 78 24 15 61 25 46 100 26 58 72 36 35 40 77 72 38 11 70 60 22 40 47 36 15 20 31 53 34 36 16 37 34 48 58 40 87 2 26 5 5 46 38 15 20 69 38 99 0 70 34 48 28 32 6 97 50 64 79 11 58 59 37 76 86 59 4 66 48 30 42 94 95 38 55 100 95 25 77 
58 1 83 99 44 80 19 6 99 77 22 78 25 20 28 84 52 11 94 69 32 85 67 50 97 41 20 15 6 25 54 65 8 40 79 33 85 45 60 82 92 17 77 73 41 13 72 91 33 76 23 51 16 66 67 16 93 57 31 58 63 80 85 14 32 84 92 86 57 70 0 19 46 10 19 26 93 24 22 42 40 52 4 97 10 92 24 95 50 79 12 98 60 54 91 54 43 97 6 90 
25 35 59 91 40 11 22 51 92 17 60 14 20 16 67 1 8 35 40 77 70 23 77 91 34 83 97 62 71 57 76 89 47 35 65 28 74 8 71 8 50 66 92 48 48 21 53 17 26 24 80 98 67 71 95 57 84 13 89 70 96 92 45 49 91 3 4 5 24 34 19 0 73 34 8 19 95 78 44 87 54 17 80 93 68 83 41 29 75 16 24 76 46 35 73 6 40 15 11 35 
96 65 25 25 3 70 71 69 77 21 86 34 81 36 79 93 99 70 82 10 29 88 70 52 59 56 68 83 2 64 64 27 65 53 43 31 36 66 28 24 10 66 78 17 93 11 92 83 77 60 31 77 16 12 40 73 73 58 4 4 36 28 100 28 71 5 95 61 59 48 46 73 0 11 16 24 36 1 83 54 95 61 97 33 14 13 12 58 32 95 50 60 21 17 35 96 62 22 21 67 
83 25 38 91 29 90 63 4 99 93 58 99 42 88 13 10 50 97 21 74 42 26 62 36 31 74 45 73 78 72 16 87 84 50 26 68 30 97 51 100 74 25 92 48 19 91 25 47 83 91 78 77 22 6 4 48 78 18 11 58 32 80 74 3 93 70 72 90 99 28 10 34 11 0 13 87 78 47 50 45 22 85 46 57 38 92 17 86 25 82 50 88 91 81 82 92 92 54 8 27 
46 15 63 10 4 75 13 86 16 26 55 50 3 54 51 97 55 16 15 4 47 58 35 61 55 49 4 8 12 3 20 17 56 94 78 67 25 56 73 37 75 7 65 62 1 71 97 86 52 29 47 39 85 69 4 76 73 87 81 25 7 8 59 92 16 75 5 83 7 32 19 8 16 13 0 2 69 48 74 88 12 60 65 11 9 61 32 45 58 88 34 50 56 19 26 89 68 13 79 100 
15 88 25 82 1 56 80 7 53 29 62 56 11 70 97 41 62 85 72 88 75 36 34 47 70 96 31 58 30 81 26 77 4 19 3 38 4 48 1 80 82 59 31 78 23 69 31 93 99 12 91 12 10 47 89 18 33 58 23 26 41 12 29 74 34 29 79 59 17 6 26 19 24 87 2 0 47 70 92 52 29 70 5 98 69 78 85 80 90 1 90 50 61 74 95 19 13 28 20 21 
68 57 1 20 82 42 78 96 72 40 63 56 81 51 25 40 7 97 72 55 59 3 37 100 8 91 30 30 29 7 70 42 38 43 28 5 59 7 41 90 3 42 23 52 44 42 88 15 72 47 91 27 96 18 41 15 39 36 60 6 21 95 29 4 87 50 47 21 19 97 93 95 36 78 69 47 0 47 97 9 66 61 40 18 7 61 9 11 90 30 15 39 98 93 75 29 82 75 19 31 
35 44 37 37 48 21 86 40 90 26 73 94 27 88 34 64 35 25 19 74 6 93 28 48 60 6 47 12 13 86 78 28 34 5 5 34 46 50 81 19 36 21 56 19 26 8 44 52 64 86 48 9 53 92 94 46 43 42 37 8 50 55 38 10 73 84 79 1 59 50 24 78 1 47 48 70 47 0 87 44 77 57 56 5 28 28 3 76 37 20 37 28 37 95 88 45 5 77 74 20 
65 92 53 33 39 34 37 50 60 91 42 69 84 3 14 36 4 83 97 58 11 49 7 30 28 47 87 95 87 92 10 79 43 6 55 72 16 98 75 28 38 26 9 17 5 72 37 15 71 96 14 3 58 90 88 64 7 4 86 85 58 3 90 26 24 24 18 14 83 64 22 44 83 50 74 92 97 87 0 67 23 64 41 52 97 67 22 79 6 65 56 62 72 12 42 100 14 17 88 33 
44 28 100 56 60 88 5 21 7 37 17 57 90 38 87 5 26 66 35 82 2 97 100 3 96 67 71 31 18 90 10 23 49 5 81 93 83 51 81 8 73 92 61 99 84 40 66 53 48 73 33 56 2 61 82 59 83 73 65 70 24 89 92 64 80 23 56 92 62 79 42 87 54 45 88 52 9 44 67 0 5 15 22 100 2 66 56 31 92 27 97 66 90 38 17 38 4 90 17 9 
51 66 80 95 52 89 77 68 11 61 53 61 41 63 100 74 85 52 84 24 66 87 98 29 2 68 95 45 56 75 81 60 84 14 76 95 89 84 39 74 67 89 52 41 51 90 63 41 58 33 38 4 28 93 26 87 92 50 4 32 1 15 47 43 58 40 72 32 42 11 40 54 95 22 12 29 66 77 23 5 0 6 24 23 78 87 16 29 52 84 16 84 89 30 57 40 83 23 95 13 
88 60 51 5 36 39 84 27 17 19 51 34 9 90 71 7 29 17 65 30 90 31 17 50 14 64 46 58 80 45 96 27 1 93 47 18 4 3 32 57 21 80 27 38 48 41 53 42 33 32 11 78 61 74 42 54 87 93 78 70 17 30 50 5 96 58 80 47 29 58 52 17 61 85 60 70 61 57 64 15 6 0 66 22 10 83 63 47 52 1 2 41 69 63 47 44 37 76 30 4 
9 37 69 80 35 67 8 64 25 44 63 24 24 11 95 65 98 62 68 97 68 41 61 100 68 5 59 79 84 57 33 66 69 3 91 76 62 4 72 16 2 32 70 69 2 90 35 31 92 83 8 94 21 30 53 25 51 51 1 60 33 4 19 39 22 94 34 13 74 59 4 80 97 46 65 5 40 56 41 22 24 66 0 4 81 87 19 16 27 100 73 66 82 47 61 95 64 82 56 46 
77 33 72 70 40 71 60 78 10 38 83 87 39 6 69 24 64 44 98 45 91 50 40 29 19 91 53 38 80 89 32 100 17 45 61 56 69 39 100 13 75 29 78 17 79 94 4 54 35 6 52 86 57 59 13 8 19 81 56 5 15 80 1 94 5 63 69 77 19 37 97 93 33 57 11 98 18 5 52 100 23 22 4 0 44 54 97 96 55 90 64 69 36 59 57 11 88 60 66 68 
79 52 74 74 93 85 58 97 40 29 100 72 58 61 16 52 34 38 1 43 27 52 71 90 61 9 9 27 90 62 1 5 47 88 95 39 43 51 80 9 12 52 41 67 9 5 90 65 42 97 84 76 32 71 22 82 10 41 71 90 96 9 60 86 83 26 94 47 27 76 10 68 14 38 9 69 7 28 97 2 78 10 81 44 0 47 84 84 73 35 8 39 16 54 51 10 17 84 65 62 
89 38 32 77 16 57 45 82 1 83 18 59 94 5 42 50 16 88 68 81 33 13 68 14 30 91 87 79 38 71 23 24 50 5 1 1 48 56 64 75 46 91 16 50 88 18 97 91 22 76 94 12 91 34 64 34 23 19 48 91 91 64 33 20 19 46 100 97 71 86 92 83 13 92 61 78 61 28 67 66 87 83 87 54 47 0 79 70 11 75 25 100 90 45 35 49 2 97 36 61 
85 29 82 51 28 18 100 66 79 22 55 78 32 12 43 52 61 62 75 13 39 57 87 77 36 69 99 61 90 39 21 68 38 62 24 8 1 93 20 31 44 70 82 97 5 54 5 55 4 29 8 99 83 92 33 90 49 98 83 66 43 57 80 43 23 14 85 59 29 59 24 41 12 17 32 85 9 3 22 56 16 63 19 97 84 79 0 62 56 59 97 91 32 31 98 22 98 51 24 60 
4 76 31 56 5 7 12 61 10 11 74 41 11 58 40 31 82 3 36 10 100 90 87 64 93 62 6 29 48 42 47 59 22 57 43 48 56 6 20 77 16 98 34 22 63 52 97 31 17 59 37 2 26 86 68 9 19 56 59 52 8 61 24 47 69 67 83 54 81 4 95 29 58 86 45 80 11 76 79 31 29 47 16 96 84 70 62 0 19 7 76 32 85 46 42 11 70 41 1 66 
52 8 34 61 30 61 28 37 54 56 16 46 21 30 38 40 15 82 34 56 6 55 9 67 32 36 14 87 54 3 14 33 60 2 91 74 63 22 62 5 68 14 93 49 63 48 98 87 54 40 44 28 89 58 45 62 56 12 65 52 76 76 100 88 53 65 56 68 38 66 50 75 32 25 58 90 90 37 6 92 52 52 27 55 73 11 56 19 0 27 1 67 75 36 28 88 43 38 84 33 
55 75 95 43 50 50 51 56 82 89 7 82 6 4 64 5 86 61 91 48 1 49 68 91 44 94 45 42 96 80 57 89 4 27 89 78 37 36 13 20 48 60 90 6 52 9 95 73 39 20 10 7 47 98 16 18 46 5 73 8 63 55 30 46 100 38 20 46 74 48 79 16 95 82 88 1 30 20 65 27 84 1 100 90 35 75 59 7 27 0 69 66 30 42 64 32 65 23 50 71 
100 22 61 80 65 38 37 71 15 26 52 62 91 17 99 66 98 89 58 55 63 73 78 85 13 56 31 85 81 49 30 9 88 49 97 58 32 92 47 57 44 92 70 70 33 53 97 63 97 44 27 19 84 38 70 75 85 16 86 9 14 11 30 67 90 57 35 45 77 30 12 24 50 50 34 90 15 37 56 97 16 2 73 64 8 25 97 76 1 69 0 50 82 8 95 23 18 16 16 18 
33 59 64 85 86 6 61 19 39 16 65 91 14 93 91 87 1 80 33 67 58 29 67 95 8 2 22 26 25 19 65 88 22 28 20 60 72 12 55 47 94 53 40 67 52 56 93 88 27 55 90 43 13 91 47 93 9 41 38 63 80 15 98 34 20 35 92 57 46 42 98 76 60 88 50 50 39 28 62 66 84 41 66 69 39 100 91 32 67 66 50 0 82 94 18 48 69 6 27 56 
61 96 100 94 30 60 19 12 90 71 91 24 92 22 40 3 98 21 50 35 33 83 37 60 54 52 48 83 12 67 29 77 43 51 50 94 18 96 18 56 23 17 47 97 48 24 30 73 64 68 36 75 71 100 45 50 90 85 74 79 61 79 10 82 72 53 89 92 66 94 60 46 21 91 56 61 98 37 72 90 89 69 82 36 16 90 32 85 75 30 82 82 0 48 65 92 33 85 57 62 
77 30 82 6 44 18 6 43 27 38 64 51 39 23 3 26 9 42 30 60 49 58 36 37 14 45 8 66 100 39 25 31 44 55 13 93 59 89 70 40 81 33 71 52 3 42 100 98 6 61 50 68 44 89 90 29 79 1 69 7 78 65 17 78 90 84 95 68 97 95 54 35 17 81 19 74 93 95 12 38 30 63 47 59 54 45 31 46 36 42 8 94 48 0 79 72 46 43 46 95 
69 38 100 22 36 19 64 33 68 54 92 1 71 6 14 80 30 94 24 82 62 89 94 77 63 11 59 40 85 43 51 95 76 40 94 51 39 40 84 7 18 87 97 78 67 73 57 26 53 62 19 48 92 81 91 16 80 94 80 29 1 15 4 70 19 18 72 64 10 38 91 73 35 82 26 95 75 88 42 17 57 47 61 57 51 35 98 42 28 64 95 18 65 79 0 66 96 28 73 90 
40 36 97 68 78 46 50 97 48 9 73 55 22 44 32 92 50 25 91 43 18 77 38 85 14 52 1 34 12 51 49 40 78 97 26 58 77 84 63 13 5 67 95 76 44 2 18 22 4 2 92 54 50 54 15 76 48 48 62 61 61 51 21 16 16 61 8 89 54 55 54 6 96 92 89 19 29 45 100 38 40 44 95 11 10 49 22 11 88 32 23 48 92 72 66 0 3 90 6 18 
13 94 60 5 1 84 45 80 24 23 38 76 68 80 29 48 14 29 93 74 8 38 47 72 29 92 79 49 15 43 45 52 11 10 55 79 88 24 29 9 8 96 24 6 27 93 59 90 58 71 78 24 33 72 22 23 17 28 62 86 47 54 47 73 28 81 98 10 6 100 43 40 62 92 68 13 82 5 14 4 83 37 64 88 17 2 98 70 43 65 18 69 33 46 96 3 0 60 87 11 
27 19 74 14 39 74 12 22 88 84 38 65 30 62 58 8 80 36 48 2 70 98 20 10 97 89 30 59 44 85 95 73 63 46 49 3 18 37 88 29 97 1 71 27 51 40 68 61 33 42 96 4 17 35 28 73 65 89 10 69 98 99 37 49 84 68 90 10 71 95 97 15 22 54 13 28 75 77 17 90 23 76 82 60 84 97 51 41 38 23 16 6 85 43 28 90 60 0 29 86 
87 29 14 62 72 59 6 71 32 51 60 43 72 29 5 85 35 9 30 39 98 21 68 39 52 36 8 45 27 60 19 43 87 12 52 61 35 58 96 98 99 86 76 54 59 63 66 21 27 39 24 68 67 29 10 31 16 18 90 55 39 81 59 100 56 51 95 20 25 25 6 11 21 8 79 20 19 74 88 17 95 30 56 66 65 36 24 1 84 50 16 27 57 46 73 6 87 29 0 31 
95 44 69 55 50 74 35 85 33 58 29 25 81 79 72 32 17 63 50 72 70 40 13 1 57 48 59 24 85 89 73 93 71 27 61 48 100 59 97 66 92 15 15 31 99 47 23 77 96 98 39 78 98 60 31 58 94 38 58 52 25 88 84 93 45 67 31 20 25 77 90 35 67 27 100 21 31 20 33 9 13 4 46 68 62 61 60 66 33 71 18 56 62 95 90 18 11 86 31 0 
